1104
        19        349        338        305
       145        631        650        634
       213        663        664        660
       291        643        657        650
       305        314         88         89
       338        109        603        601
       390        324         97        320
       432        506        517        518
       444        466        480        472
       550        475        477        474
       566        475        461        476
       578        286        270        279
       606        536        553        556
       658        664        661        660
       735        290        280        274
       748        334        312        313
       754        614        638        622
       808        381        376        389
       829        445        439        448
       871        660        656        654
       872        656        651        637
       927        297        280        290
       969        441        411        438
       975        273        247        239
      1009        291        298        297
      1019        653        628        649
      1044        262        269        282
      1167        497        481         80
      1208        662        664        663
      1264        296        291        288
      1295        239        247        211
      1296        607        606        630
      1370        278        251        277
      1379        456        448        439
      1381        258        251        278
      1397        462        423        436
      1429        493        481        513
      1472        478        476        469
      1482        661        664        648
      1505        627        610        635
      1520        627        620        610
      1542        572        569        571
      1564         98         97        324
      1564        588         97         98
      1582        390        424        397
      1590        406        416         30
      1591        451        462        455
      1605        470        466        448
      1606        261        281        253
      1608        452        426        430
      1621        524        527        501
      1625        480        477        478
      1627         70        395        399
      1631        405        106        107
      1652        550        547        522
      1655        393        439        420
      1660        388        377        374
      1666        570        569        572
      1673          7         63         62
      1675        479        468        467
      1687        637        651        635
      1688         62         89          7
      1690        648        642        633
      1698        309        314         89
      1700        557        571        560
      1716        452        457        453
      1719        647        649        632
      1722        568        572        557
      1725        572        571        557
      1726        262        259        257
      1730        570        572        568
      1731        286        291        297
      1733        569        567        571
      1736        444        407        419
      1737        386        388        387
      1743        354        369        376
      1745        389        376        383
      1755        542        538        561
      1756        547        563        564
      1764        664        662        648
      1775        651        661        655
      1777        291        296        298
      1781        280        294        293
      1789        565        558        569
      1798        655        648        633
      1805        297        298        294
      1806        291        278        288
      1808         59        302         60
      1808         60        221         59
      1809        284        287        295
      1811        277        263        288
      1813        296        295        298
      1814        607        630        636
      1815        294        280        297
      1826        607        636        611
      1828        288        263        283
      1832        570        568        564
      1833        640        656        637
      1835        563        570        564
      1840        289        294        295
      1844        655        635        651
      1850        653        663        659
      1853        568        557        562
      1854        567        552        554
      1856        601        629        605
      1858        656        660        661
      1863        559        568        562
      1866        562        546        559
      1868        559        564        568
      1871          2        108         18
      1876        564        559        540
      1879        263        245        259
      1881        565        569        570
      1886        459        446        469
      1887        433        461        455
      1890         73        504        502
      1897        513        515        549
      1901        643        631        604
      1915        622        638        645
      1919        590        604        602
      1927        546        540        559
      1928        639        635        655
      1930        292        294        289
      1934        662        647        648
      1939        661        648        655
      1940        477        473        474
      1942        636        632        608
      1944        654        640        634
      1949        267        293        292
      1954        365        353        377
      1956        570        561        565
      1958        283        282        296
      1959        566        558        541
      1965        244        258        279
      1970        386        378        373
      1972        650        654        634
      1973        547        564        540
      1975        647        642        648
      1976        640        654        656
      1987        371        385        384
      1990        452        468        457
      1993        382        374        359
      1998        571        567        560
      2001        426        452        453
      2020        523        540        546
      2021        294        292        293
      2022        380        377        388
      2023        284        272        287
      2028        649        662        653
      2033        295        287        289
      2043        447        452        430
      2050        283        296        288
      2052        556        545        534
      2053        534        486        498
      2057        452        467        468
      2064        534        498        535
      2067        553        545        556
      2070        560        555        557
      2072        560        567        554
      2073        359        374        353
      2074        377        353        374
      2077        376        381        357
      2089        663        658        659
      2090        625        619        628
      2091        265        286        290
      2092        334        313        337
      2102        630        647        632
      2103        649        628        632
      2104        374        382        388
      2113        645        644        659
      2125        388        389        387
      2130        649        647        662
      2132        369        383        376
      2137        545        554        521
      2140        566        552        567
      2143        569        558        566
      2148        598        594        620
      2151        656        661        651
      2153        563        561        570
      2163        663        660        657
      2165        307         36        325
      2170        645        659        658
      2177        360        358        373
      2182        282        283        262
      2190        640        618        634
      2193        547        540        532
      2205        657        660        650
      2220        347        364        371
      2222        265        270        286
      2223        387        389        383
      2235        384        387        383
      2236        387        384        385
      2240        388        382        389
      2241          6         54         53
      2242        653        662        663
      2243        593        614        622
      2246         10          9        581
      2248        653        659        646
      2250        558        565        551
      2252        215        239        211
      2253        442        435        450
      2255        624        612        579
      2259        639        655        633
      2274        469        476        463
      2276         53         98          6
      2281        428        446        458
      2283        553        560        545
      2285        258        278        279
      2286        472        478        469
      2288        477        476        478
      2289        458        446        459
      2298        412         89         88
      2310        428        410        404
      2322        312        334        344
      2328        535        536        556
      2332        480        470        471
      2337        471        456        454
      2338        298        295        294
      2342        518        548        528
      2360        584         16         15
      2362        543        533        528
      2363        108         17        603
      2366        496        518        528
      2371        629        603        584
      2375        283        263        262
      2376        489        492        515
      2377        491        502        529
      2382        549        515        542
      2388        489        513        497
      2394        551        514        541
      2395        489        497         79
      2396        236        225        257
      2400        269        284        282
      2406        426        453        424
      2412        468        471        454
      2415        398        415         28
      2427        486        101        498
      2428        535        556        534
      2432        512         99         26
      2439        453        457        434
      2442        397        100        390
      2445        424        390        426
      2447        424        398        397
      2454        284        295        282
      2456        519        551        538
      2458        379        385        372
      2459        550        563        547
      2462        513        549        526
      2465        550        542        561
      2469        235         79         80
      2469         79        497         80
      2478        481        116         80
      2481        238        255        268
      2482        616        620        627
      2488        210        266        249
      2492        630        606        642
      2497        267        292        273
      2508        249        266        285
      2513        267        271        293
      2523        100        101        390
      2523        498        101        100
      2526        430        417        429
      2529        535        498        510
      2540        620        616        591
      2546        522        484        485
      2552        116        597         45
      2554        616        627        639
      2555        493        114        115
      2555        115        114        594
      2557        637        623        617
      2559        481        115        116
      2559        116        115        598
      2560        617        618        640
      2565        608        632        619
      2567         53         54        213
      2571        341        363        365
      2576        599          9         90
      2577        583        611        588
      2579        583        588         98
      2583        285        266        246
      2587        608        586        587
      2595        339        364        347
      2603        299        346        339
      2616        325        299        339
      2617        318        308        350
      2619        385        370        372
      2624        316        333        328
      2628        469        446        464
      2629        379        387        385
      2631        371        370        385
      2632        466        449        448
      2633        318        303         84
      2634        465        449        443
      2641        479        477        480
      2642        466        470        480
      2644        470        456        471
      2650        445        448        465
      2655        504        503        527
      2662        286        297        290
      2663        380        388        386
      2674        248        252        276
      2698        643        641        657
      2717        343        330        357
      2724        485        493        526
      2725        109        490        487
      2732        487        490        517
      2734        539        520        546
      2743        621        577        609
      2753        368        380        373
      2755        365        361        349
      2759        381        382        366
      2760        366        382        359
      2762        381        389        382
      2767        441        438        458
      2771        458        438        428
      2772        411        413        438
      2776        413        412        438
      2782        394        411        441
      2788        375        362        352
      2803         11         10        593
      2830        337        313        314
      2838        428        438        410
      2839         64         63        413
      2839        218         63         64
      2844        413         63        412
      2854        611        587        588
      2860        323        324        345
      2863        319        307        339
      2868        421        418        444
      2873         82        325         81
      2873        419         82         81
      2874        319         37        307
      2900        599        573        614
      2904        593         10        581
      2906        316        328         41
      2912         92        327        304
      2914        330        362        375
      2923        476        477        475
      2927         98        324        323
      2929        544        566        541
      2933        248        276        271
      2938        475        474        455
      2942        277        288        278
      2943        550        561        563
      2946        423        401        405
      2951        441        459        431
      2965        527        537        529
      2967        558        551        541
      2972        537        541        529
      2979         70         71        229
      2979         70        399         71
      2983        254        230        229
      2987        530        552        525
      2988        399        423        405
      2989        527        503        501
      2994        407         82        419
      3000         37         36        307
      3007         38         37        319
      3010        325        339        307
      3014        264        245        263
      3017        502        504        527
      3022        395        423        399
      3024        234        254        231
      3027         73        231         72
      3027         73         72        504
      3030        231        254        229
      3031        440        409        431
      3032        365        377        361
      3046        659        644        646
      3060         64        413        411
      3063        441        458        459
      3073        222        224        250
      3074        261        250        281
      3076        270        281        250
      3077        450        464        442
      3083        658        663        657
      3088        110        601        578
      3099        371        384        367
      3102        369        367        383
      3108         25        509        512
      3111        509        536        535
      3122        502        527        529
      3123        455        462        436
      3125        461        475        455
      3126        455        436        433
      3127        264        263        277
      3139        371        367        340
      3147        285        271        267
      3148        363        353        365
      3155        271        246        248
      3157        319        339        347
      3158        379        378        386
      3164        472        464        450
      3166        438        412        410
      3167        459        469        463
      3168        379        356        378
      3170        444        465        443
      3171        456        470        448
      3180        350        344        356
      3182        346        370        364
      3184        364        370        371
      3188        360        378        356
      3205        457        432        434
      3207        468        454        457
      3208        424        434        415
      3209        453        434        424
      3213        520        539        517
      3216        631        652        613
      3217        613        629        584
      3225        652        629        613
      3230        584         15        602
      3231        596        580        623
      3232        578        601        605
      3240        536        531        553
      3242        553        555        560
      3245        562        557        543
      3253        479        473        477
      3259        447        473        467
      3260        460        474        473
      3264        650        660        654
      3270        549        542        550
      3275        268        255        272
      3277        494        516        492
      3279         78        489         79
      3279        217         78         79
      3281        500        519        494
      3291        116        598        597
      3308        279        291        286
      3312        480        478        472
      3317        518        539        548
      3319        548        546        562
      3320        539        518        517
      3323        490        520        517
      3326        605        629        652
      3330        507        533        483
      3335        631        643        650
      3341        108        109        487
      3341        109        108        603
      3347        419         81        421
      3358         36          4         81
      3360        510        100         99
      3360         99        100        397
      3367        476        461        463
      3369        561        538        565
      3370        296        282        295
      3373        254        245        264
      3376        275        268        272
      3377        354        357        375
      3378        354        375        352
      3382        352        362        310
      3394        354        376        357
      3395        108          2         17
      3401        108        487        488
      3407        471        468        479
      3408        479        480        471
      3413        444        445        465
      3414        393        425        439
      3421        249        285        267
      3422        636        608        611
      3436        636        630        632
      3441        505        530        482
      3444        474        451        455
      3445        254        264        256
      3447        256        264        277
      3453        525        544        524
      3455        544        537        524
      3463        284        275        272
      3464        275        241        268
      3465        238        268        241
      3473        241        217        238
      3476        516        542        515
      3488        218         64        222
      3491        285        246        271
      3496        341        345        363
      3498        332        358        355
      3500        341        365        349
      3510        261        253        219
      3511        355        334        337
      3514        355        358        360
      3516        265        253        281
      3522         38        319        315
      3527        443        407        444
      3528        339        346        364
      3530        465        448        449
      3533        449        435        443
      3542        357        330        375
      3548        635        623        637
      3550        624        633        612
      3557        620        594        610
      3559        526        549        550
      3560        616        639        624
      3563        627        635        639
      3575        332        355        337
      3578        240        265        274
      3579        363        345        336
      3583        306        342        348
      3594        645        641        615
      3596        658        657        641
      3597        645        658        641
      3622        609        646        644
      3623        646        628        653
      3626        638        644        645
      3627        541        537        544
      3628        527        524        537
      3630        451        437        462
      3631        437        423        462
      3636        427        437        451
      3641        232        259        245
      3643        427        429        400
      3646        437        401        423
      3650         71          8         72
      3657        230        233         69
      3663        345        341        317
      3668        503         72        107
      3670         72          8        107
      3679        574        618        617
      3680        634        605        652
      3684        260        243        247
      3694        380        386        373
      3695        631        634        652
      3707         35         81          4
      3716         99        397        398
      3719        329         44         43
      3720        327        362        330
      3727        421        444        419
      3730        314        313         88
      3740        545        521        534
      3749        321        349        305
      3754        412         63         89
      3755         62         63        218
      3760        503        107        106
      3761        231        229         72
      3762        229         71         72
      3772        420        439        445
      3777        321        341        349
      3785        597        620        591
      3786        513        481        497
      3789        488         19         18
      3795        598        115        594
      3798        597        598        620
      3802        560        554        545
      3803        544        552        566
      3805        567        569        566
      3809        479        467        473
      3815        530        554        552
      3820        384        383        367
      3821         45        227         80
      3830        230        254        256
      3833        391        436        395
      3838         63          7         89
      3839        332        302        331
      3845        380        361        377
      3874         91         90        329
      3874         91        599         90
      3885         23        511         24
      3892        347        371        340
      3905        340        367        351
      3906        369        354        333
      3915        421         81         35
      3916        325         36         81
      3921         34        421         35
      3927        240        274        252
      3930        323        317         55
      3933        587         96         97
      3933         97         96        320
      3934        592        582        625
      3935        359        348        342
      3936        342        343        366
      3937        366        343        357
      3957        428        422        446
      3963        272        255        243
      3964        243        208        226
      3970        319        347        315
      3983        426        390        408
      3995        496         21         20
      4006        250        224        244
      4007        394        441        431
      4010        373        358        368
      4011        265        290        274
      4020         61        219         60
      4020         60        301         61
      4027        519        514        551
      4028        234        232        245
      4029         73         74        234
      4029         74         73        502
      4035          5        116         45
      4035         45         80          5
      4035         80        116          5
      4038        595        624        579
      4039         46        227         45
      4039         45        597         46
      4041        328        333        352
      4045        354        352        333
      4048        403        401        437
      4050        505        521        530
      4054        552        544        525
      4056        212        216         57
      4060          6         98         54
      4063        246        216        248
      4070        242        241        275
      4073        394        431        409
      4082        267        273        239
      4083        239        249        267
      4084        208        243        255
      4088        392        442        422
      4099        626        641        643
      4105        280        293        276
      4110        511        531        536
      4115          3         99         27
      4127         95         94        306
      4127        582         94         95
      4135        565        538        551
      4136        269        275        284
      4146        351        367        369
      4147        351        369        333
      4149        646        625        628
      4152        381        366        357
      4161        523        532        540
      4163        466        472        450
      4164        335        350        372
      4165        442        414        435
      4166        360        373        378
      4177        265        281        270
      4179        433        440        461
      4183        279        278        291
      4184        273        289        260
      4185        292        289        273
      4187        289        287        260
      4188        287        272        260
      4189        217         79        235
      4192        577        592        609
      4207        450        435        449
      4211        269        242        275
      4212        576        575         51
      4214         65         64        411
      4214        222         64         65
      4224         69        395         70
      4224         69         70        230
      4228        482        104        103
      4228        400        103        104
      4232        228        258        223
      4237        223        224         66
      4243        368        338        361
      4244        276        274        280
      4245        398         28         27
      4254        416         31         30
      4258        604        590        626
      4263        602        604        613
      4266        642        606        612
      4267        647        630        642
      4270        260        247        273
      4280         39         38        315
      4284        622        615        589
      4289        589        600         12
      4293        555        543        557
      4301        554        530        521
      4303         54        323         55
      4303        213         54         55
      4305        349        361        338
      4308        323        345        317
      4315        110        499        490
      4319        508        532        523
      4333        315        340        326
      4339        372        356        379
      4343        450        449        466
      4344        257        242        269
      4345        241        242        237
      4351        538        516        519
      4357        322        306        348
      4359        573        577        621
      4364        604        631        613
      4365        548        562        543
      4367        548        543        528
      4372        517        506        488
      4379        221        253        240
      4389        615        626        600
      4401        248        212        252
      4404        230        256        233
      4413        521        486        534
      4427        533        543        555
      4437        396         83        407
      4438        580        574        617
      4446        594        596        610
      4447        596        113        580
      4456        322         95        306
      4462         77        492         78
      4462        237         77         78
      4474        533        555        531
      4493        418        445        444
      4502        312        344        308
      4504        422        428        404
      4506        111        110        578
      4506        110        111        499
      4513        110        109        601
      4513        109        110        490
      4514        499        523        520
      4516        499        508        523
      4517        490        499        520
      4518        618        578        605
      4519        601        603        629
      4521        488        506         19
      4525        108        488         18
      4528        526        550        522
      4529        596        623        610
      4534        351        316        326
      4541        505        482        103
      4542        505        486        521
      4550        632        628        619
      4555        301        302        332
      4559        577        573         92
      4562        300        304        343
      4565        443        396        407
      4567        435        396        443
      4571        407         83         82
      4571         83        299         82
      4574        414        396        435
      4575         84        303         83
      4575        396         84         83
      4579        318        350        335
      4585        223         67        228
      4601        603         17         16
      4606        225         77        237
      4608         76        494         77
      4608        225         76         77
      4609        242        225        237
      4610        257        225        242
      4616        416        406        432
      4620        406         30         29
      4633        506         20         19
      4639        252        212        220
      4640        218        261        219
      4641        331        302        311
      4644        331        311        338
      4645        321        305         57
      4646        240        220        221
      4650        246        214        216
      4652        415        398        424
      4657        600         13         12
      4659        602         15         14
      4662        313         87         88
      4662        410         88         87
      4668        248        216        212
      4675        498        100        510
      4681        420        445        418
      4683        393         31        416
      4684        416        432        425
      4694        403        437        427
      4698        525        495        482
      4710        333        316        351
      4711        230         70        229
      4720        303        318        335
      4724        401        105        106
      4724        501        106        105
      4725        400        104        403
      4727        427        400        403
      4730        429        417        400
      4736        356        344        360
      4738        469        464        472
      4739        350        308        344
      4746        507        528        533
      4752         51        215         50
      4752         50        576         51
      4757        247        243        226
      4758         47        209         46
      4758         46        591         47
      4766        591        616        595
      4780        461        440        463
      4787        431        463        440
      4790        244        279        270
      4792        362        329        310
      4806        522        547        532
      4808        427        460        429
      4815        590         14         13
      4844        340        351        326
      4850         61        301        309
      4852        585        576         50
      4854         52        575        583
      4860        524        501        495
      4882        615        641        626
      4884        589        615        600
      4887        101        102        408
      4887        486        102        101
      4895        328        352        310
      4896        310         43         42
      4902         76        225        236
      4912         62        218         61
      4912         61        309         62
      4913        301        337        309
      4914        301        332        337
      4915        221        219        253
      4916        302        301         60
      4923        368        331        338
      4924        305        311         58
      4927        311        302         59
      4928         57        305         58
      4928        212         57         58
      4938         66        224         65
      4938         66         65        394
      4945        454        456        425
      4947        425        432        454
      4950        233        251        228
      4959         84        414         85
      4959         85        318         84
      4962        402        409        440
      4963         67        223         66
      4963         66        409         67
      4975        233         68         69
      4975         68        391         69
      4978        501        503        106
      4983        401        403        105
      4985        308         85         86
      4985        392         86         85
      4994        495        105        104
      4994        403        104        105
      4997        102        103        417
      4997        102        505        103
      5004        328         42         41
      5008        316         41         40
      5010        326         40         39
      5013        257        269        262
      5015        580        112        574
      5024        618        605        634
      5025        533        531        483
      5026         23        483        511
      5027        483        531        511
      5032        507         22         21
      5042        259        236        257
      5045         58        220        212
      5049        584        603         16
      5051        487        517        488
      5057        247        226        211
      5063        591        595         47
      5064        417        103        400
      5068         49        226         48
      5068         48        579         49
      5071         93         92        304
      5071         93        577         92
      5078        113        112        580
      5078        484        112        113
      5085         91        573        599
      5088         92         91        327
      5088         92        573         91
      5089        586        619        582
      5094        586         95         96
      5094         96         95        322
      5095         94         93        300
      5095         94        592         93
      5102        600        590         13
      5106         96        322        320
      5108        320        322        336
      5109        322        348        336
      5116        112        111        574
      5116        111        112        508
      5117        111        508        499
      5138         76        236         75
      5138         75        500         76
      5148        595        579         48
      5149         22        483         23
      5159        114        596        594
      5169        532        484        522
      5171        580        617        623
      5172        485        113        114
      5172        114        113        596
      5173        635        610        623
      5192        485        526        522
      5193         74         75        232
      5193         75         74        491
      5198        232        236        259
      5201        102        486        505
      5203        430        408        417
      5212        415         29         28
      5228         33        418         34
      5234         32        420         33
      5243        251        258        228
      5253         67        402         68
      5253        228         67         68
      5257        402        440        433
      5268         31        393         32
      5273        327        329        362
      5276         90         44        329
      5281        214         55         56
      5281         55        317         56
      5285        216         56         57
      5285         56        321         57
      5292        317        341        321
      5294        214         56        216
      5295        573        621        614
      5296        609        625        646
      5299        304        327        330
      5306        392        414        442
      5309        422        404        392
      5310        312         86         87
      5310        404         87         86
      5319        404        410         87
      5321        308         86        312
      5324        306        300        342
      5325        306         94        300
      5326        592        625        609
      5331         58         59        220
      5331         58        311         59
      5332         51        575         52
      5332         52        210         51
      5333        575        576        607
      5336        607        576        606
      5338        606        576        585
      5340        624        639        633
      5344         47        595         48
      5344         48        208         47
      5345         50        211         49
      5345         49        585         50
      5346        208        255        209
      5348        595        616        624
      5355         52        583         53
      5356        575        611        583
      5357        575        607        611
      5358        210        249        215
      5363        309         89         62
      5374        236        232         75
      5377        491        529        514
      5385        583         98         53
      5386         98        323         54
      5392        622        645        615
      5396         12         11        589
      5399         32        393        420
      5401        420        418         33
      5408        393        416        425
      5412         24        509         25
      5413        511        509         24
      5421         25        512         26
      5423        512        509        535
      5424        511        536        509
      5425        483         22        507
      5439         99        398         27
      5440         11        593        589
      5443        593        622        589
      5447        541        514        529
      5451        447        467        452
      5463        512        535        510
      5464        426        408        430
      5468        606        585        612
      5470        612        633        642
      5478        425        456        439
      5484        353        336        348
      5485        353        348        359
      5493        332        331        358
      5494        240        252        220
      5495        358        331        368
      5497        500        514        519
      5508        300        343        342
      5510        402        433        391
      5513        256        277        251
      5530        447        460        473
      5531        427        451        460
      5542        447        430        429
      5546        625        582        619
      5565        617        640        637
      5568        368        361        380
      5586        346        335        370
      5587         60        219        221
      5588        293        271        276
      5590        347        340        315
      5600        346        303        335
      5607        431        459        463
      5611        454        432        457
      5618        555        553        531
      5622        539        546        548
      5626        262        263        259
      5629        516        538        542
      5662        460        447        429
      5668        460        451        474
      5669         74        502        491
      5677        342        366        359
      5704        224        223        244
      5707        334        355        360
      5710        464        422        442
      5712        276        252        274
      5777        372        350        356
      5781        379        386        387
      5783        335        372        370
      5820        240        253        265
      5833        481        493        115
      5837        260        272        243
      5849        363        336        353
      5879        343        304        330
      5885        621        609        644
      5903        546        520        523
      5921        238        235        227
      5928        530        525        482
      5943        626        643        604
      5946        258        244        223
      5974        484        113        485
      5981        334        360        344
      5983        446        422        464
      6015        508        112        484
      6039        516        515        492
      6050        506        518        496
      6051        574        578        618
      6099        270        250        244
      6123        526        493        513
      6124        508        484        532
      6179        338        311        305
      6187         84        396        414
      6192        514        500        491
      6222        391        433        436
      6227        436        423        395
      6264        246        266        214
      6288        586        608        619
      6325        266        213        214
      6333        614        621        638
      6429        234        245        254
      6430        482        495        104
      6432        299        303        346
      6484        494        519        516
      6516        612        585        579
      6547        496        528        507
      6551        496         20        506
      6568        602        613        584
      6614        111        578        574
      6619         91        329        327
      6636        626        590        600
      6643        588        587         97
      6648        432        406        434
      6649        434        406        415
      6657        608        587        611
      6658        345        320        336
      6679        489        515        513
      6680        237        217        241
      6693        593        581        614
      6723        599        614        581
      6777        210        213        266
      6822        586         96        587
      6824        324        320        345
      6882        405        401        106
      6909        217        235        238
      6945        227        209        238
      6968         69        391        395
      6970         74        232        234
      6982        226        208         48
      7010        312         87        313
      7054        495        501        105
      7074        102        417        408
      7143        261        222        250
      7180        621        644        638
      7192         65        411        394
      7193        218        222        261
      7203        224        222         65
      7253        406         29        415
      7393        582         95        586
      7436         50        215        211
      7447         75        491        500
      7482        590        602         14
      7541         26         99          3
      7559        213         55        214
      7579         61        218        219
      7608        310        329         43
      7618        409        402         67
      7636        597        591         46
      7638         46        209        227
      7641        255        238        209
      7647         73        234        231
      7655         93        304        300
      7714        101        408        390
      7723        492        489         78
      7729        217        237         78
      7762        310         42        328
      7785         47        208        209
      7799        317        321         56
      7813        315        326         39
      7830         94        582        592
      7837        303        299         83
      7857         76        500        494
      7874        485        114        493
      7890        402        391         68
      7893         49        211        226
      7908        326        316         40
      8012         85        308        318
      8092         66        394        409
      8105        221        220         59
      8109        507         21        496
      8155        249        239        215
      8166        414        392         85
      8176        579        585         49
      8189         51        210        215
      8244        494        492         77
      8249        410        412         88
      8261        309        337        314
      8295        524        495        525
      8312        256        251        233
      8345         53        213         52
      8348        213        210         52
      8368         82        299        325
      8392         71        107          8
      8417        504         72        503
      8422        399        405         71
      8423        405        107         71
      8425        227        235         80
      8433        581          9        599
      8437          9          1         90
      8437         90          1         44
      8440        510         99        512
      8784        392        404         86
      8830        592        577         93
      9687        228         68        233
      9706         34        418        421
