220
        42        186        184        191
        60        200        186        191
       149        150        166        176
       260        173        174        197
       312          4         36         35
       327        182        183        171
       334        157        173        169
       360        206        207        202
       510         17        123        125
       810        139        141        150
       822        196        199        180
      1086        185        162        180
      1088        176        175        163
      1234        188        155        170
      1242        181        200        197
      1345         27        124         26
      1587        129        156        127
      1609        207        204        202
      1620        205        207        203
      1644        205        195        192
      1645        192        201        204
      1672        184        178        193
      1682        203        207        206
      1694        174        179        172
      1710        203        206        200
      1714        184        186        160
      1738        201        190        182
      1746        205        204        207
      1812        164        134        138
      1860        197        174        172
      1872        172        179        156
      1898          2         18         17
      1903        202        204        194
      1916        171        194        201
      1920        190        170        153
      1985        148        162        185
      2032        204        201        194
      2046        184        160        158
      2108        167        171        149
      2111        171        201        182
      2122        199        205        203
      2133        117        145        153
      2172        171        189        194
      2200        197        206        202
      2203        194        189        202
      2225        157        174        173
      2226        138        139        163
      2227        196        175        195
      2246        147          9         10
      2277        192        195        188
      2308        193        185        199
      2312        203        193        199
      2315        196        195        205
      2318        192        190        201
      2323        162        134        164
      2324        195        175        187
      2353        152        154        118
      2359        152        118        125
      2360         16        118         15
      2368        125        118         16
      2407        178        184        198
      2419        198        184        158
      2431        124        126        177
      2440        177        161        198
      2521        177        198        158
      2522        177        158        130
      2533         27         26          3
      2612        150        176        163
      2622        176        187        175
      2659        196        205        199
      2695         15        118        121
      2701        179        154        152
      2710        197        200        206
      2783        172        181        197
      2800        192        188        190
      2803        144         10         11
      2814        146          9        147
      2861        180        175        196
      2869         35         36        141
      2881        141         36        136
      2896        165        147        144
      2941        148        185        178
      2995        150        141        136
      3000         37        136         36
      3007         38        135         37
      3052        151        172        156
      3056        178        161        148
      3057        198        161        178
      3089        121        120         14
      3092        120        157        169
      3095        120        169        140
      3098        204        205        192
      3103        168        183        182
      3142        166        150        135
      3193        177        126        161
      3198        124        177        130
      3228        157        154        174
      3233        156        179        152
      3249        191        203        200
      3365        124        130         25
      3380         43        146        143
      3384        165        183        168
      3387        182        190        153
      3390        187        155        188
      3392        145         42        143
      3403         17         18        123
      3521        166        187        176
      3588        167        169        189
      3589        167        189        171
      3692        197        202        173
      3719         43         44        146
      3767        123        152        125
      3775        139         34        141
      3789        123         18         19
      3793        152        123        127
      3816        184        193        191
      3817        191        193        203
      3824        148        161        133
      3825        161        126        133
      3867        165        146        147
      3885        128         23         24
      3886        151        122        159
      3891        137        166        135
      3899        188        170        190
      3908        122        151        129
      3909        129        151        156
      3921         35        141         34
      3967        153        170        117
      3968        168        153        145
      3994        127        156        152
      3995        129         20         21
      4022        199        185        180
      4102        202        189        173
      4141        195        187        188
      4143        166        155        187
      4245         27         28        124
      4254        131         30         31
      4259        169        167        140
      4280         39        137         38
      4296        181        186        200
      4329        143        168        145
      4362        151        159        181
      4467        121        157        120
      4477        132        122         22
      4491        170        142        117
      4594        154        121        118
      4595        121        154        157
      4601         17        125         16
      4615        148        133        131
      4620         29         30        133
      4625        123         19        127
      4633        127         19         20
      4657        140         12         13
      4658        120        140         13
      4659         15        121         14
      4703        165        149        183
      4709         41        145        117
      4793        143        165        168
      4815         14        120         13
      4831        155        142        170
      4886        183        149        171
      4891        143        146        165
      4896         42         43        143
      5004         41         42        145
      5008         40         41        117
      5010        142         39         40
      5032         21         22        122
      5033        132        128        160
      5149         23        132         22
      5153        130        158        128
      5206        164        180        162
      5212         28         29        126
      5228         33         34        139
      5234         32         33        138
      5238        163        164        138
      5264        162        131        134
      5265        148        131        162
      5268         31         32        134
      5275         44          9        146
      5396        119         11         12
      5398         32        138        134
      5412        130         24         25
      5415        160        128        158
      5416         23        128        132
      5421        124         25         26
      5431        163        139        150
      5445        167        149        119
      5450        193        178        185
      5472        164        175        180
      5474        163        175        164
      5517        140        167        119
      5619        151        181        172
      5620        159        122        132
      5623        181        159        186
      5678        168        182        153
      5728        173        189        169
      5756        186        159        160
      5757        137        155        166
      6113        149        144        119
      6175        149        165        144
      6327        160        159        132
      6588        150        136        135
      6695        119         12        140
      6698        119        144         11
      6754         33        139        138
      6761        142        155        137
      7214        174        154        179
      7539         28        126        124
      7544         29        133        126
      7547        128         24        130
      7673        137        135         38
      7691        127         20        129
      7808         37        135        136
      7906        117        142         40
      7937         31        134        131
      8018        133         30        131
      8107        122        129         21
      8129        137         39        142
      8401        144        147         10
      8437         44          1          9
